var case_5 = {"observations": [38, 15024.0, 0.0, "Assoc-acdm", 45, "Married-civ-spouse", "United-States", "Exec-managerial", "White", "Wife", "Female", "Private"], "faithful_explanation": [-0.02, 0.3, 0.03, 0.01, -0.01, 0.0, 0.02, 0.0, -0.01, -0.01, 0.0, 0.01, 0.01, 0.02, 0.02, 0.0, 0.03, -0.02, 0.02, 0.01, -0.01, 0.01, -0.01, -0.01, -0.02, -0.03, 0.01, 0.01, 0.02, 0.03, 0.01, -0.01, 0.01, 0.02, 0.0, 0.0, 0.0, -0.01, -0.02, 0.01, 0.0, 0.0, 0.02, 0.0, 0.01, 0.0, 0.03, 0.02, 0.01, 0.01, 0.03, 0.02, 0.01, 0.02, 0.02, 0.02, -0.02, -0.02, 0.01, 0.01, 0.0, 0.02, 0.01, 0.0, 0.01, -0.02, 0.01], "robust_explanation": [0.21, 2.53, 0.22, 0.26, -0.05, -0.02, 0.04, -0.1, -0.07, -0.07, -0.03, 0.07, 0.07, 0.07, 0.23, 0.02, 0.18, -0.17, 0.18, 0.07, -0.14, 0.07, -0.01, -0.11, -0.17, -0.16, -0.11, 0.24, 0.22, 0.24, 0.04, -0.08, 0.03, 0.09, -0.05, -0.03, 0.0, -0.04, -0.18, 0.08, 0.0, 0.06, 0.1, 0.01, 0.02, -0.01, 0.09, 0.04, -0.01, 0.07, 0.11, 0.11, 0.06, 0.07, 0.1, 0.21, -0.31, -0.26, 0.12, 0.06, -0.03, 0.07, 0.1, 0.04, 0.06, -0.14, 0.05], "sparse_explanation": [0.0, 0.0, 0.0, 0.0, 0.0, 0.0, 0.0, 0.0, 0.0, 0.0, 0.0, 0.0, 0.0, 0.0, 0.0, 0.0, 0.0, 0.0, 0.0, 0.0, 0.0, 0.0, 0.0, 0.0, 0.0, 0.0, 0.0, 0.0, 0.0, 0.0, 0.0, 0.0, 0.0, 0.0, 0.0, 0.0, 0.0, 0.0, 0.0, 0.0, 0.0, 0.0, 0.0, 0.0, 0.0, 0.0, 0.0, 0.0, 0.0, 0.0, 0.0, 0.0, 0.0, 0.0, 0.0, 0.0, 0.0, 0.0, 0.0, 0.0, 0.0, 0.0, 0.0, 0.0, 0.0, 0.0, 0.0], "sparse_and_robust_explanation": [0.11, 2.38, 0.12, 0.16, 0.0, 0.0, 0.0, 0.0, 0.0, 0.0, 0.0, 0.0, 0.0, 0.0, 0.13, 0.0, 0.08, -0.07, 0.08, 0.0, -0.03, 0.0, 0.0, 0.0, -0.07, -0.05, -0.01, 0.14, 0.12, 0.14, 0.0, 0.0, 0.0, 0.0, 0.0, 0.0, 0.0, 0.0, -0.08, 0.0, 0.0, 0.0, 0.0, 0.0, 0.0, 0.0, 0.0, 0.0, 0.0, 0.0, 0.01, 0.01, 0.0, 0.0, 0.0, 0.11, -0.21, -0.15, 0.02, 0.0, 0.0, 0.0, 0.0, 0.0, 0.0, -0.04, 0.0],"lime": [-0.23, 0.38, -0.46, 0.3, -0.18, -0.01, 0.16, -0.07, -0.22, 0.02, -0.13, 0.02, 0.16, -0.08, 0.21, -0.08, 0.03, -0.24, 0.07, -0.01, -0.07, 0.16, 0.2, -0.33, 0.3, -0.3, -0.09, 0.17, 0.0, 0.03, 0.1, -0.03, -0.03, 0.22, 0.0, -0.02, -0.11, -0.28, -0.32, 0.26, 0.03, 0.04, 0.14, -0.18, 0.16, 0.2, 0.07, -0.04, 0.04, 0.18, -0.14, 0.19, -0.15, 0.11, 0.12, -0.12, 0.08, -0.03, 0.09, 0.02, 0.25, 0.08, 0.04, 0.01, 0.28, 0.44, 0.12], "ans": "Lower", "prescriptions": [["Higher", "Lower"]], "type": "survey-multi-choice", "qid": 0, "delta": "relationship: Wife <span style='color:red;'>\u2192 Husband</span>", "original_model_prediction": "The individual's income is above $50,000"}

var case_6 = {"observations": [42, 0.0, 0.0, "Prof-school", 50, "Married-civ-spouse", "other", "Prof-specialty", "Asian-Pac-Islander", "Husband", "Male", "Federal-gov"], "faithful_explanation": [0.43, 3.49, 0.39, 0.5, -0.01, -0.11, -0.01, -0.1, 0.03, -0.06, 0.0, -0.02, 0.11, -0.12, 0.34, 0.06, 0.21, -0.24, 0.19, 0.13, -0.25, 0.13, -0.26, -0.11, -0.3, -0.22, -0.28, 0.81, 0.52, 0.36, 0.13, -0.11, 0.07, 0.0, -0.13, -0.02, -0.02, -0.05, -0.25, 0.21, -0.04, 0.0, 0.14, -0.05, 0.04, -0.01, 0.11, 0.05, 0.01, 0.32, 0.05, 0.11, 0.1, 0.12, 0.2, 0.24, -0.75, -0.68, 0.17, 0.12, -0.05, -0.03, 0.14, -0.02, 0.03, -0.19, 0.09], "robust_explanation": [0.21, 2.65, 0.24, 0.28, -0.05, -0.02, 0.04, -0.1, -0.07, -0.07, -0.03, 0.08, 0.07, 0.07, 0.25, 0.03, 0.19, -0.18, 0.19, 0.08, -0.14, 0.08, -0.02, -0.11, -0.18, -0.17, -0.11, 0.26, 0.24, 0.25, 0.04, -0.08, 0.03, 0.1, -0.05, -0.03, 0.0, -0.05, -0.19, 0.08, 0.0, 0.06, 0.11, 0.01, 0.02, -0.01, 0.09, 0.04, -0.01, 0.07, 0.12, 0.11, 0.07, 0.07, 0.11, 0.23, -0.33, -0.27, 0.13, 0.06, -0.04, 0.07, 0.1, 0.04, 0.06, -0.15, 0.06], "sparse_explanation": [0.0, 2.99, 0.0, 0.0, 0.0, 0.0, 0.0, 0.0, 0.0, 0.0, 0.0, 0.0, 0.0, 0.0, 0.0, 0.0, 0.0, 0.0, 0.0, 0.0, 0.0, 0.0, 0.0, 0.0, 0.0, 0.0, 0.0, 0.31, 0.02, 0.0, 0.0, 0.0, 0.0, 0.0, 0.0, 0.0, 0.0, 0.0, 0.0, 0.0, 0.0, 0.0, 0.0, 0.0, 0.0, 0.0, 0.0, 0.0, 0.0, 0.0, 0.0, 0.0, 0.0, 0.0, 0.0, 0.0, -0.25, -0.18, 0.0, 0.0, 0.0, 0.0, 0.0, 0.0, 0.0, 0.0, 0.0], "sparse_and_robust_explanation": [0.11, 2.4, 0.12, 0.16, 0.0, 0.0, 0.0, 0.0, 0.0, 0.0, 0.0, 0.0, 0.0, 0.0, 0.13, 0.0, 0.08, -0.07, 0.08, 0.0, -0.03, 0.0, 0.0, -0.01, -0.07, -0.06, -0.01, 0.14, 0.12, 0.14, 0.0, 0.0, 0.0, 0.0, 0.0, 0.0, 0.0, 0.0, -0.08, 0.0, 0.0, 0.0, 0.0, 0.0, 0.0, 0.0, 0.0, 0.0, 0.0, 0.0, 0.01, 0.01, 0.0, 0.0, 0.0, 0.11, -0.21, -0.15, 0.02, 0.0, 0.0, 0.0, 0.0, 0.0, 0.0, -0.04, 0.0], "lime": [0.2, 2.52, -0.63, 0.31, -0.19, 0.15, -0.09, -0.08, 0.22, -0.13, -0.09, 0.17, 0.19, -0.55, -0.02, -0.16, 0.38, 0.07, 0.01, 0.35, -0.38, 0.34, 0.36, -0.6, -0.3, -0.09, 0.2, 0.54, 0.02, -0.08, 0.39, 0.37, -0.24, -0.43, 0.38, -0.63, 0.41, -0.68, -0.74, -0.4, 0.73, -0.23, 0.35, -0.01, -0.15, -0.5, 0.15, -0.31, -0.47, -0.05, 0.3, 0.39, 0.22, -0.59, 0.27, -0.49, -0.22, -0.84, 0.88, -0.09, -0.21, 0.15, 0.48, 0.33, -0.81, -0.01, 0.46], "ans": "Lower", "prescriptions": [["Higher", "Lower"]], "type": "survey-multi-choice", "qid": 1, "delta": "occupation: Prof-specialty <span style='color:red;'>\u2192 Adm-clerical</span>", "original_model_prediction": "The individual's income is above $50,000"}

var case_7 = {"observations": [37, 0.0, 0.0, "Bachelors", 50, "Married-civ-spouse", "United-States", "Prof-specialty", "White", "Husband", "Male", "Private"], "faithful_explanation": [0.07, 4.7, 0.4, 0.03, -0.23, 0.05, 0.28, -0.13, -0.24, -0.13, -0.03, 0.15, 0.09, 0.25, 0.34, 0.03, 0.47, -0.31, 0.33, 0.16, -0.17, 0.21, -0.01, -0.13, -0.38, -0.38, 0.09, 0.05, 0.23, 0.39, 0.11, -0.15, 0.11, 0.24, -0.01, -0.06, 0.02, -0.06, -0.35, 0.08, 0.03, 0.03, 0.27, 0.0, 0.07, -0.07, 0.39, 0.29, 0.03, 0.19, 0.33, 0.42, 0.15, 0.22, 0.24, 0.3, -0.28, -0.19, 0.12, 0.09, -0.06, 0.19, 0.17, 0.12, 0.24, -0.27, 0.14], "robust_explanation": [0.22, 2.71, 0.24, 0.28, -0.05, -0.02, 0.04, -0.1, -0.08, -0.08, -0.04, 0.08, 0.07, 0.07, 0.25, 0.02, 0.2, -0.18, 0.19, 0.08, -0.15, 0.08, -0.01, -0.11, -0.18, -0.17, -0.12, 0.26, 0.24, 0.26, 0.04, -0.09, 0.03, 0.1, -0.05, -0.03, 0.0, -0.05, -0.19, 0.08, 0.0, 0.06, 0.11, 0.01, 0.02, -0.01, 0.1, 0.04, -0.01, 0.07, 0.12, 0.12, 0.07, 0.07, 0.11, 0.23, -0.33, -0.27, 0.13, 0.06, -0.04, 0.08, 0.11, 0.04, 0.06, -0.15, 0.06], "sparse_explanation": [0.0, 4.2, 0.0, 0.0, 0.0, 0.0, 0.0, 0.0, 0.0, 0.0, 0.0, 0.0, 0.0, 0.0, 0.0, 0.0, 0.0, 0.0, 0.0, 0.0, 0.0, 0.0, 0.0, 0.0, 0.0, 0.0, 0.0, 0.0, 0.0, 0.0, 0.0, 0.0, 0.0, 0.0, 0.0, 0.0, 0.0, 0.0, 0.0, 0.0, 0.0, 0.0, 0.0, 0.0, 0.0, 0.0, 0.0, 0.0, 0.0, 0.0, 0.0, 0.0, 0.0, 0.0, 0.0, 0.0, 0.0, 0.0, 0.0, 0.0, 0.0, 0.0, 0.0, 0.0, 0.0, 0.0, 0.0], "sparse_and_robust_explanation": [0.11, 2.4, 0.12, 0.16, 0.0, 0.0, 0.0, 0.0, 0.0, 0.0, 0.0, 0.0, 0.0, 0.0, 0.13, 0.0, 0.08, -0.07, 0.08, 0.0, -0.03, 0.0, 0.0, -0.01, -0.07, -0.06, -0.01, 0.14, 0.12, 0.14, 0.0, 0.0, 0.0, 0.0, 0.0, 0.0, 0.0, 0.0, -0.08, 0.0, 0.0, 0.0, 0.0, 0.0, 0.0, 0.0, 0.0, 0.0, 0.0, 0.0, 0.01, 0.01, 0.0, 0.0, 0.0, 0.11, -0.21, -0.15, 0.02, 0.0, 0.0, 0.0, 0.0, 0.0, 0.0, -0.04, 0.0],"lime": [0.15, 3.76, 0.07, 0.28, 0.12, 0.13, 0.46, 0.3, 0.43, -0.34, 0.52, -0.04, -0.32, -0.49, -0.44, -0.35, 0.09, -0.58, 0.55, 0.37, 0.18, -0.55, -0.2, -0.91, -0.75, 0.01, -0.27, 0.65, 0.0, 0.15, -0.16, 0.13, -0.14, -0.65, -0.1, -0.74, 1.02, -0.38, -0.28, -0.12, -0.44, -0.16, -0.22, -0.32, 0.4, 0.78, -0.33, -0.21, 0.3, 0.42, 0.12, -0.23, -0.33, 0.17, -0.11, -0.58, -0.8, 0.37, -0.84, -0.65, 0.32, -0.31, 0.92, 0.2, 0.27, -0.55, -0.7], "ans": "Lower", "prescriptions": [["Higher", "Lower"]], "type": "survey-multi-choice", "qid": 3, "delta": "race: White <span style='color:red;'>\u2192 Other</span>", "original_model_prediction": "The individual's income is above $50,000"}

var case_8 = {"observations": [46, 0.0, 1977.0, "Bachelors", 40, "Married-civ-spouse", "United-States", "Sales", "White", "Husband", "Male", "Private"], "faithful_explanation": [-0.09, 2.5, 0.27, -0.06, -0.12, -0.02, 0.14, -0.08, -0.13, -0.05, -0.04, 0.16, 0.01, 0.29, 0.19, -0.07, 0.26, -0.18, 0.16, -0.09, -0.07, 0.13, 0.12, -0.06, -0.18, -0.23, 0.06, -0.23, -0.02, 0.16, 0.04, -0.08, 0.03, 0.16, -0.05, -0.07, 0.01, -0.14, -0.2, 0.03, 0.08, 0.14, 0.13, -0.02, 0.02, -0.03, 0.17, 0.09, -0.03, -0.08, 0.39, 0.14, 0.03, 0.0, 0.11, 0.27, -0.07, -0.13, 0.07, 0.06, -0.03, 0.2, 0.1, 0.08, 0.09, -0.15, 0.05], "robust_explanation": [0.22, 2.71, 0.24, 0.28, -0.05, -0.02, 0.04, -0.1, -0.08, -0.08, -0.04, 0.08, 0.07, 0.07, 0.25, 0.02, 0.2, -0.18, 0.19, 0.08, -0.14, 0.08, -0.01, -0.11, -0.18, -0.17, -0.11, 0.26, 0.24, 0.26, 0.04, -0.09, 0.03, 0.1, -0.05, -0.03, 0.0, -0.05, -0.19, 0.08, 0.0, 0.06, 0.11, 0.01, 0.02, -0.01, 0.1, 0.04, -0.01, 0.07, 0.12, 0.12, 0.07, 0.07, 0.11, 0.23, -0.33, -0.27, 0.13, 0.06, -0.04, 0.08, 0.11, 0.04, 0.06, -0.15, 0.06], "sparse_explanation": [0.0, 2.0, 0.0, 0.0, 0.0, 0.0, 0.0, 0.0, 0.0, 0.0, 0.0, 0.0, 0.0, 0.0, 0.0, 0.0, 0.0, 0.0, 0.0, 0.0, 0.0, 0.0, 0.0, 0.0, 0.0, 0.0, 0.0, 0.0, 0.0, 0.0, 0.0, 0.0, 0.0, 0.0, 0.0, 0.0, 0.0, 0.0, 0.0, 0.0, 0.0, 0.0, 0.0, 0.0, 0.0, 0.0, 0.0, 0.0, 0.0, 0.0, 0.0, 0.0, 0.0, 0.0, 0.0, 0.0, 0.0, 0.0, 0.0, 0.0, 0.0, 0.0, 0.0, 0.0, 0.0, 0.0, 0.0], "sparse_and_robust_explanation": [0.1, 2.39, 0.12, 0.16, 0.0, 0.0, 0.0, 0.0, 0.0, 0.0, 0.0, 0.0, 0.0, 0.0, 0.13, 0.0, 0.08, -0.07, 0.08, 0.0, -0.03, 0.0, 0.0, 0.0, -0.07, -0.06, -0.01, 0.14, 0.12, 0.14, 0.0, 0.0, 0.0, 0.0, 0.0, 0.0, 0.0, 0.0, -0.08, 0.0, 0.0, 0.0, 0.0, 0.0, 0.0, 0.0, 0.0, 0.0, 0.0, 0.0, 0.01, 0.01, 0.0, 0.0, 0.0, 0.11, -0.21, -0.15, 0.02, 0.0, 0.0, 0.0, 0.0, 0.0, 0.0, -0.04, 0.0], "lime": [-0.15, 2.67, 0.17, 0.1, 0.22, 0.32, 0.48, 0.44, -0.16, -0.52, 0.09, 0.17, -0.61, -0.05, 0.94, -0.05, -0.16, 0.08, 0.01, 0.7, 0.12, 0.57, 0.22, 0.15, -0.74, 0.26, 0.96, 0.09, 0.0, -0.46, 0.21, -0.17, -0.32, 0.18, 0.03, 0.02, -0.04, -0.34, -0.2, -0.2, -0.17, 0.09, -0.15, 0.18, 0.6, 0.2, 0.16, 0.49, -0.29, 0.07, 0.91, 0.04, -0.24, 0.13, -0.2, -0.06, -0.82, -0.67, 0.22, -0.12, -0.11, 0.08, -0.24, 0.21, 0.0, -0.51, 0.03], "ans": "Lower", "prescriptions": [["Higher", "Lower"]], "type": "survey-multi-choice", "qid": 5, "delta": "age: 46 <span style='color:red;'>\u2192 20</span>", "original_model_prediction": "The individual's income is above $50,000"}

var case_9 = {"observations": [68, 0.0, 2149.0, "Assoc-voc", 40, "Married-civ-spouse", "United-States", "Prof-specialty", "White", "Husband", "Male", "Self-emp-not-inc"], "faithful_explanation": [-0.74, 5.97, 0.7, 0.1, 0.0, 0.0, 0.12, -0.31, -0.29, 0.07, 0.08, 0.35, 0.25, 0.05, 0.64, 0.05, 0.47, -0.42, 0.59, 0.21, -0.32, -0.07, -0.22, -0.15, -0.23, -0.29, 0.14, 0.83, 0.58, 0.8, 0.15, -0.16, 0.05, 0.27, -0.01, -0.08, 0.01, -0.25, -0.46, 0.24, 0.15, 0.18, 0.28, 0.1, 0.13, 0.08, 0.38, 0.22, -0.03, 0.58, 0.44, 0.15, 0.29, 0.34, 0.34, 0.84, -0.19, -0.02, 0.57, 0.13, -0.08, 0.06, 0.45, 0.2, 0.18, -0.4, 0.21], "robust_explanation": [0.21, 2.72, 0.24, 0.28, -0.05, -0.02, 0.04, -0.1, -0.08, -0.07, -0.04, 0.08, 0.07, 0.07, 0.25, 0.03, 0.2, -0.19, 0.2, 0.08, -0.15, 0.08, -0.02, -0.11, -0.18, -0.17, -0.11, 0.26, 0.24, 0.26, 0.04, -0.09, 0.03, 0.1, -0.05, -0.03, 0.0, -0.05, -0.2, 0.08, 0.0, 0.06, 0.11, 0.01, 0.02, -0.01, 0.1, 0.04, -0.01, 0.08, 0.13, 0.12, 0.07, 0.08, 0.11, 0.23, -0.33, -0.27, 0.13, 0.06, -0.04, 0.08, 0.11, 0.05, 0.06, -0.15, 0.06], "sparse_explanation": [-0.24, 5.47, 0.2, 0.0, 0.0, 0.0, 0.0, 0.0, 0.0, 0.0, 0.0, 0.0, 0.0, 0.0, 0.14, 0.0, 0.0, 0.0, 0.09, 0.0, 0.0, 0.0, 0.0, 0.0, 0.0, 0.0, 0.0, 0.33, 0.08, 0.3, 0.0, 0.0, 0.0, 0.0, 0.0, 0.0, 0.0, 0.0, 0.0, 0.0, 0.0, 0.0, 0.0, 0.0, 0.0, 0.0, 0.0, 0.0, 0.0, 0.08, 0.0, 0.0, 0.0, 0.0, 0.0, 0.34, 0.0, 0.0, 0.07, 0.0, 0.0, 0.0, 0.0, 0.0, 0.0, 0.0, 0.0], "sparse_and_robust_explanation": [0.1, 2.41, 0.12, 0.16, 0.0, 0.0, 0.0, 0.0, 0.0, 0.0, 0.0, 0.0, 0.0, 0.0, 0.13, 0.0, 0.08, -0.07, 0.08, 0.0, -0.03, 0.0, 0.0, -0.01, -0.07, -0.06, -0.01],"lime": [-0.29, 3.24, 0.53, 0.23, -0.32, -0.16, -0.11, -0.28, 0.18, 0.29, 0.62, -0.56, 0.06, -0.2, 0.39, -0.27, -0.09, -0.63, -0.07, -0.05, -0.02, -0.08, -0.5, 0.18, 0.19, -0.31, 0.08, 0.72, 0.0, 0.6, -0.47, -0.01, -0.38, 0.14, 0.3, 0.38, 0.1, -0.32, -0.36, 0.1, 0.04, 0.09, -0.31, 0.11, 0.39, 0.35, 0.65, -0.2, 0.47, 0.06, 0.83, 0.49, -0.16, 0.12, -0.18, 0.74, -0.34, -0.28, 0.15, 0.7, -0.23, 0.13, 0.45, -0.55, 0.99, -0.79, -0.25], "ans": "Lower", "prescriptions": [["Higher", "Lower"]], "type": "survey-multi-choice", "qid": 9, "delta": "education: Assoc-voc <span style='color:red;'>\u2192 1st-4th</span>", "original_model_prediction": "The individual's income is above $50,000"}

var case_0 = {"observations": [25, 0.0, 0.0, "Assoc-acdm", 40, "Never-married", "United-States", "Prof-specialty", "White", "Not-in-family", "Female", "Private"], "faithful_explanation": [0.09, 0.4, 0.04, 0.05, -0.02, 0.0, 0.0, -0.01, -0.02, -0.02, -0.01, 0.01, 0.01, 0.03, 0.03, -0.01, 0.03, -0.03, 0.03, 0.0, -0.03, 0.02, 0.01, -0.02, -0.03, -0.03, -0.03, 0.03, 0.03, 0.03, 0.01, -0.01, 0.0, 0.01, -0.01, -0.01, 0.0, 0.0, -0.03, 0.01, 0.0, 0.01, 0.01, 0.0, 0.0, 0.0, 0.01, 0.0, -0.01, 0.0, 0.01, 0.02, 0.0, 0.0, 0.01, 0.03, -0.07, -0.06, 0.01, 0.01, -0.01, 0.02, 0.01, 0.01, 0.0, -0.02, 0.0], "robust_explanation": [0.2, 2.33, 0.21, 0.25, -0.04, -0.02, 0.03, -0.09, -0.07, -0.07, -0.03, 0.07, 0.06, 0.06, 0.22, 0.02, 0.17, -0.16, 0.17, 0.07, -0.13, 0.07, -0.01, -0.1, -0.16, -0.15, -0.1, 0.23, 0.21, 0.22, 0.03, -0.07, 0.03, 0.08, -0.04, -0.03, 0.0, -0.04, -0.17, 0.07, 0.0, 0.05, 0.09, 0.01, 0.01, -0.01, 0.08, 0.03, -0.01, 0.06, 0.1, 0.1, 0.06, 0.06, 0.09, 0.2, -0.29, -0.24, 0.11, 0.05, -0.03, 0.06, 0.09, 0.04, 0.05, -0.13, 0.05], "sparse_explanation": [0.0, 0.0, 0.0, 0.0, 0.0, 0.0, 0.0, 0.0, 0.0, 0.0, 0.0, 0.0, 0.0, 0.0, 0.0, 0.0, 0.0, 0.0, 0.0, 0.0, 0.0, 0.0, 0.0, 0.0, 0.0, 0.0, 0.0, 0.0, 0.0, 0.0, 0.0, 0.0, 0.0, 0.0, 0.0, 0.0, 0.0, 0.0, 0.0, 0.0, 0.0, 0.0, 0.0, 0.0, 0.0, 0.0, 0.0, 0.0, 0.0, 0.0, 0.0, 0.0, 0.0, 0.0, 0.0, 0.0, 0.0, 0.0, 0.0, 0.0, 0.0, 0.0, 0.0, 0.0, 0.0, 0.0, 0.0], "sparse_and_robust_explanation": [0.11, 2.38, 0.12, 0.16, 0.0, 0.0, 0.0, 0.0, 0.0, 0.0, 0.0, 0.0, 0.0, 0.0, 0.13, 0.0, 0.08, -0.07, 0.08, 0.0, -0.03, 0.0, 0.0, 0.0, -0.07, -0.05, -0.01, 0.14, 0.12, 0.14, 0.0, 0.0, 0.0, 0.0, 0.0, 0.0, 0.0, 0.0, -0.08, 0.0, 0.0, 0.0, 0.0, 0.0, 0.0, 0.0, 0.0, 0.0, 0.0, 0.0, 0.01, 0.01, 0.0, 0.0, 0.0, 0.11, -0.21, -0.15, 0.02, 0.0, 0.0, 0.0, 0.0, 0.0, 0.0, -0.04, 0.0],"lime": [-0.01, 1.05, -0.4, 0.34, -0.26, 0.07, -0.1, -0.19, -0.21, -0.17, -0.12, 0.13, 0.03, 0.16, -0.11, 0.0, -0.08, 0.03, -0.23, -0.03, 0.1, -0.18, 0.12, 0.04, -0.21, -0.1, -0.05, 0.28, 0.0, 0.12, 0.03, -0.33, -0.02, -0.07, -0.02, 0.05, 0.19, 0.33, -0.17, 0.36, -0.04, -0.19, -0.09, -0.05, -0.06, 0.1, 0.09, -0.01, 0.19, -0.31, -0.15, -0.09, -0.11, -0.08, -0.12, -0.17, -0.17, -0.32, 0.08, 0.37, 0.28, -0.07, 0.18, 0.1, -0.05, -0.11, 0.04], "ans": "Higher", "prescriptions": [["Higher", "Lower"]], "type": "survey-multi-choice", "qid": 12, "delta": "relationship: Not-in-family <span style='color:red;'>\u2192 Wife</span>", "original_model_prediction": "The individual's income is below $50,000"}

var case_1 = {"observations": [38, 0.0, 0.0, "HS-grad", 45, "Married-civ-spouse", "United-States", "Protective-serv", "White", "Own-child", "Female", "Private"], "faithful_explanation": [0.34, 2.58, 0.22, 0.32, -0.02, -0.07, 0.0, -0.1, -0.05, -0.07, -0.03, 0.06, 0.07, 0.02, 0.25, 0.01, 0.18, -0.18, 0.15, 0.03, -0.16, 0.11, 0.0, -0.11, -0.22, -0.15, -0.18, 0.34, 0.27, 0.24, 0.06, -0.09, 0.04, 0.07, -0.07, -0.03, -0.02, -0.03, -0.19, 0.11, -0.06, 0.07, 0.09, 0.01, 0.01, 0.01, 0.07, 0.03, -0.02, 0.1, 0.06, 0.09, 0.05, 0.03, 0.13, 0.18, -0.42, -0.37, 0.14, 0.04, -0.04, 0.08, 0.1, -0.01, 0.03, -0.14, 0.05], "robust_explanation": [0.21, 2.56, 0.23, 0.26, -0.05, -0.02, 0.04, -0.1, -0.07, -0.07, -0.03, 0.07, 0.07, 0.06, 0.24, 0.02, 0.19, -0.17, 0.18, 0.07, -0.14, 0.07, -0.01, -0.11, -0.17, -0.16, -0.11, 0.24, 0.23, 0.24, 0.04, -0.08, 0.03, 0.09, -0.05, -0.03, 0.0, -0.04, -0.18, 0.08, 0.0, 0.06, 0.1, 0.01, 0.02, -0.01, 0.09, 0.04, -0.01, 0.07, 0.11, 0.11, 0.07, 0.07, 0.11, 0.21, -0.32, -0.26, 0.12, 0.06, -0.03, 0.07, 0.1, 0.04, 0.06, -0.14, 0.05], "sparse_explanation": [0.0, 2.08, 0.0, 0.0, 0.0, 0.0, 0.0, 0.0, 0.0, 0.0, 0.0, 0.0, 0.0, 0.0, 0.0, 0.0, 0.0, 0.0, 0.0, 0.0, 0.0, 0.0, 0.0, 0.0, 0.0, 0.0, 0.0, 0.0, 0.0, 0.0, 0.0, 0.0, 0.0, 0.0, 0.0, 0.0, 0.0, 0.0, 0.0, 0.0, 0.0, 0.0, 0.0, 0.0, 0.0, 0.0, 0.0, 0.0, 0.0, 0.0, 0.0, 0.0, 0.0, 0.0, 0.0, 0.0, 0.0, 0.0, 0.0, 0.0, 0.0, 0.0, 0.0, 0.0, 0.0, 0.0, 0.0], "sparse_and_robust_explanation": [0.11, 2.39, 0.12, 0.16, 0.0, 0.0, 0.0, 0.0, 0.0, 0.0, 0.0, 0.0, 0.0, 0.0, 0.13, 0.0, 0.08, -0.07, 0.08, 0.0, -0.03, 0.0, 0.0, -0.01, -0.07, -0.06, -0.01, 0.14, 0.12, 0.14, 0.0, 0.0, 0.0, 0.0, 0.0, 0.0, 0.0, 0.0, -0.08, 0.0, 0.0, 0.0, 0.0, 0.0, 0.0, 0.0, 0.0, 0.0, 0.0, 0.0, 0.01, 0.01, 0.0, 0.0, 0.0, 0.11, -0.21, -0.15, 0.02, 0.0, 0.0, 0.0, 0.0, 0.0, 0.0, -0.04, 0.0],"lime": [0.13, 2.65, 0.45, -0.06, -0.23, 0.23, 0.37, 0.69, -0.4, -0.23, 0.14, -0.83, -0.32, -0.06, 0.41, 0.34, -0.05, 0.16, 0.1, 0.69, -0.19, -0.91, -0.27, -0.32, -0.07, 0.02, -0.17, 0.18, 0.0, 0.08, 0.8, -0.03, 0.57, 0.64, -0.39, -0.24, -0.33, -0.37, -0.62, 0.65, 0.51, -0.06, 0.32, -0.38, 0.76, 0.21, 0.64, 0.06, -0.39, 0.17, 0.27, -0.16, 0.55, -0.65, 0.33, 0.31, -0.51, 0.07, 0.63, -0.17, 0.58, -0.18, 0.37, -0.42, 0.27, 0.39, 0.01], "ans": "Higher", "prescriptions": [["Higher", "Lower"]], "type": "survey-multi-choice", "qid": 14, "delta": "sex: Female <span style='color:red;'>\u2192 Male</span>", "original_model_prediction": "The individual's income is below $50,000"}

var case_2 = {"observations": [34, 0.0, 0.0, "HS-grad", 45, "Married-civ-spouse", "United-States", "Other-service", "White", "Husband", "Male", "Private"], "faithful_explanation": [0.46, 3.65, 0.31, 0.41, -0.04, -0.09, 0.02, -0.15, -0.06, -0.09, -0.04, 0.07, 0.07, 0.01, 0.35, 0.04, 0.25, -0.25, 0.22, 0.06, -0.21, 0.14, 0.02, -0.15, -0.3, -0.22, -0.24, 0.38, 0.35, 0.31, 0.07, -0.12, 0.05, 0.09, -0.09, -0.04, 0.0, -0.06, -0.27, 0.12, -0.07, 0.08, 0.15, 0.02, 0.0, 0.0, 0.11, 0.03, -0.02, 0.09, 0.11, 0.16, 0.09, 0.03, 0.17, 0.25, -0.56, -0.48, 0.17, 0.06, -0.05, 0.09, 0.13, 0.02, 0.07, -0.2, 0.06], "robust_explanation": [0.21, 2.63, 0.23, 0.27, -0.05, -0.02, 0.04, -0.1, -0.07, -0.07, -0.03, 0.08, 0.07, 0.07, 0.24, 0.03, 0.19, -0.18, 0.19, 0.08, -0.14, 0.08, -0.01, -0.11, -0.18, -0.16, -0.11, 0.25, 0.23, 0.25, 0.04, -0.08, 0.03, 0.1, -0.05, -0.03, 0.0, -0.04, -0.19, 0.08, 0.0, 0.06, 0.11, 0.01, 0.02, -0.01, 0.09, 0.04, 0.0, 0.07, 0.12, 0.11, 0.07, 0.07, 0.11, 0.22, -0.32, -0.26, 0.13, 0.06, -0.04, 0.08, 0.1, 0.04, 0.06, -0.15, 0.05], "sparse_explanation": [0.0, 3.15, 0.0, 0.0, 0.0, 0.0, 0.0, 0.0, 0.0, 0.0, 0.0, 0.0, 0.0, 0.0, 0.0, 0.0, 0.0, 0.0, 0.0, 0.0, 0.0, 0.0, 0.0, 0.0, 0.0, 0.0, 0.0, 0.0, 0.0, 0.0, 0.0, 0.0, 0.0, 0.0, 0.0, 0.0, 0.0, 0.0, 0.0, 0.0, 0.0, 0.0, 0.0, 0.0, 0.0, 0.0, 0.0, 0.0, 0.0, 0.0, 0.0, 0.0, 0.0, 0.0, 0.0, 0.0, -0.06, 0.0, 0.0, 0.0, 0.0, 0.0, 0.0, 0.0, 0.0, 0.0, 0.0], "sparse_and_robust_explanation": [0.11, 2.4, 0.12, 0.16, 0.0, 0.0, 0.0, 0.0, 0.0, 0.0, 0.0, 0.0, 0.0, 0.0, 0.13, 0.0, 0.08, -0.07, 0.08, 0.0, -0.03, 0.0, 0.0, -0.01, -0.07, -0.06, -0.01, 0.14, 0.12, 0.14, 0.0, 0.0, 0.0, 0.0, 0.0, 0.0, 0.0, 0.0, -0.08, 0.0, 0.0, 0.0, 0.0, 0.0, 0.0, 0.0, 0.0, 0.0, 0.0, 0.0, 0.01, 0.01, 0.0, 0.0, 0.0, 0.11, -0.21, -0.15, 0.02, 0.0, 0.0, 0.0, 0.0, 0.0, 0.0, -0.04, 0.0], "lime": [0.83, 2.47, 0.6, -0.07, -0.3, -0.01, 0.25, 0.0, -0.53, -0.46, 0.01, 0.49, 0.43, -0.4, 0.56, -0.86, -0.61, -0.16, 0.24, -0.08, -0.42, 0.12, 0.14, -0.08, 0.23, 0.13, 0.64, 0.44, 0.0, -0.11, 0.98, 0.2, -0.2, 0.61, -0.88, 0.07, 0.7, 0.49, -0.27, 0.06, -0.22, -0.02, -0.37, 0.06, 0.24, -0.72, -0.29, -0.29, 0.25, -0.2, 0.51, 0.2, 0.14, -0.23, 0.81, 0.16, -0.27, -0.01, -0.5, 0.16, -0.26, -0.42, -0.58, -0.46, 0.05, -0.22, 0.02], "ans": "Higher", "prescriptions": [["Higher", "Lower"]], "type": "survey-multi-choice", "qid": 16, "delta": "capital-gain: 0 <span style='color:red;'>\u2192 1205</span>", "original_model_prediction": "The individual's income is below $50,000"}

var case_3 = {"observations": [36, 0.0, 0.0, "HS-grad", 20, "Married-civ-spouse", "United-States", "Handlers-cleaners", "Black", "Husband", "Male", "Private"], "faithful_explanation": [0.27, 1.26, 0.11, 0.15, -0.06, 0.01, 0.02, -0.05, -0.05, -0.06, -0.03, 0.03, 0.02, 0.07, 0.1, -0.01, 0.1, -0.09, 0.08, 0.01, -0.08, 0.06, 0.03, -0.07, -0.1, -0.1, -0.08, 0.07, 0.08, 0.08, 0.01, -0.04, 0.01, 0.04, -0.04, -0.02, 0.0, -0.01, -0.09, 0.03, 0.02, 0.03, 0.03, -0.01, -0.01, -0.02, 0.03, 0.0, -0.02, -0.01, 0.04, 0.06, 0.01, 0.01, 0.03, 0.09, -0.21, -0.18, 0.02, 0.03, -0.02, 0.04, 0.03, 0.03, 0.02, -0.06, 0.01], "robust_explanation": [0.21, 2.64, 0.23, 0.27, -0.05, -0.02, 0.04, -0.1, -0.07, -0.07, -0.04, 0.08, 0.07, 0.07, 0.24, 0.03, 0.19, -0.18, 0.19, 0.08, -0.14, 0.08, -0.01, -0.11, -0.18, -0.16, -0.11, 0.25, 0.23, 0.25, 0.04, -0.08, 0.03, 0.1, -0.05, -0.03, 0.0, -0.04, -0.19, 0.08, 0.0, 0.06, 0.11, 0.01, 0.02, -0.01, 0.09, 0.04, 0.0, 0.07, 0.12, 0.11, 0.07, 0.07, 0.11, 0.22, -0.32, -0.27, 0.13, 0.06, -0.04, 0.08, 0.1, 0.04, 0.06, -0.15, 0.05], "sparse_explanation": [0.0, 0.76, 0.0, 0.0, 0.0, 0.0, 0.0, 0.0, 0.0, 0.0, 0.0, 0.0, 0.0, 0.0, 0.0, 0.0, 0.0, 0.0, 0.0, 0.0, 0.0, 0.0, 0.0, 0.0, 0.0, 0.0, 0.0, 0.0, 0.0, 0.0, 0.0, 0.0, 0.0, 0.0, 0.0, 0.0, 0.0, 0.0, 0.0, 0.0, 0.0, 0.0, 0.0, 0.0, 0.0, 0.0, 0.0, 0.0, 0.0, 0.0, 0.0, 0.0, 0.0, 0.0, 0.0, 0.0, 0.0, 0.0, 0.0, 0.0, 0.0, 0.0, 0.0, 0.0, 0.0, 0.0, 0.0], "sparse_and_robust_explanation": [0.11, 2.39, 0.12, 0.16, 0.0, 0.0, 0.0, 0.0, 0.0, 0.0, 0.0, 0.0, 0.0, 0.0, 0.13, 0.0, 0.08, -0.07, 0.08, 0.0, -0.03, 0.0, 0.0, 0.0, -0.07, -0.06, -0.01, 0.14, 0.12, 0.14, 0.0, 0.0, 0.0, 0.0, 0.0, 0.0, 0.0, 0.0, -0.08, 0.0, 0.0, 0.0, 0.0, 0.0, 0.0, 0.0, 0.0, 0.0, 0.0, 0.0, 0.01, 0.01, 0.0, 0.0, 0.0, 0.11, -0.21, -0.15, 0.02, 0.0, 0.0, 0.0, 0.0, 0.0, 0.0, -0.04, 0.0],"lime": [0.28, 1.9, 0.48, 0.43, 0.07, -0.43, -0.54, 0.38, 0.14, 0.26, -0.42, -0.54, 0.15, -0.47, -0.28, 0.41, -0.42, -0.48, 0.12, 0.57, 0.35, 0.55, -0.41, 0.69, -0.02, 0.58, 0.67, 0.07, 0.0, 0.02, -0.24, -0.6, 0.22, -0.36, 0.41, 0.07, 0.23, 0.15, -0.51, -0.3, 0.12, -1.06, 0.21, 0.13, 0.03, -0.43, 0.67, -0.38, 0.11, 0.54, 0.33, -0.1, 0.16, 0.08, 0.24, 0.35, -0.59, -0.42, -0.19, -0.19, 0.07, 0.29, -0.52, -0.24, 0.16, -0.56, 0.13], "ans": "Higher", "prescriptions": [["Higher", "Lower"]], "type": "survey-multi-choice", "qid": 17, "delta": "marital: Married-civ-spouse <span style='color:red;'>\u2192 Married-AF-spouse</span>", "original_model_prediction": "The individual's income is below $50,000"}

var case_4 = {"observations": [32, 0.0, 0.0, "HS-grad", 52, "Never-married", "United-States", "Other-service", "White", "Not-in-family", "Male", "Private"], "faithful_explanation": [0.07, 0.54, 0.05, 0.07, 0.0, -0.02, 0.0, -0.02, -0.01, -0.01, -0.01, 0.01, 0.01, 0.0, 0.05, 0.0, 0.04, -0.04, 0.03, 0.01, -0.03, 0.02, 0.0, -0.02, -0.05, -0.03, -0.04, 0.07, 0.06, 0.05, 0.01, -0.02, 0.01, 0.01, -0.01, -0.01, 0.0, -0.01, -0.04, 0.02, -0.01, 0.01, 0.02, 0.0, 0.0, 0.0, 0.01, 0.01, 0.0, 0.02, 0.01, 0.02, 0.01, 0.01, 0.03, 0.04, -0.09, -0.08, 0.03, 0.01, -0.01, 0.02, 0.02, 0.0, 0.01, -0.03, 0.01], "robust_explanation": [0.2, 2.37, 0.21, 0.25, -0.04, -0.02, 0.04, -0.09, -0.07, -0.07, -0.03, 0.07, 0.06, 0.06, 0.22, 0.02, 0.17, -0.16, 0.17, 0.07, -0.13, 0.07, -0.01, -0.1, -0.16, -0.15, -0.1, 0.23, 0.21, 0.22, 0.03, -0.08, 0.03, 0.09, -0.04, -0.03, 0.0, -0.04, -0.17, 0.07, 0.0, 0.05, 0.1, 0.01, 0.01, -0.01, 0.08, 0.03, -0.01, 0.06, 0.11, 0.1, 0.06, 0.06, 0.1, 0.2, -0.29, -0.24, 0.11, 0.05, -0.03, 0.07, 0.09, 0.04, 0.06, -0.13, 0.05], "sparse_explanation": [0.0, 0.04, 0.0, 0.0, 0.0, 0.0, 0.0, 0.0, 0.0, 0.0, 0.0, 0.0, 0.0, 0.0, 0.0, 0.0, 0.0, 0.0, 0.0, 0.0, 0.0, 0.0, 0.0, 0.0, 0.0, 0.0, 0.0, 0.0, 0.0, 0.0, 0.0, 0.0, 0.0, 0.0, 0.0, 0.0, 0.0, 0.0, 0.0, 0.0, 0.0, 0.0, 0.0, 0.0, 0.0, 0.0, 0.0, 0.0, 0.0, 0.0, 0.0, 0.0, 0.0, 0.0, 0.0, 0.0, 0.0, 0.0, 0.0, 0.0, 0.0, 0.0, 0.0, 0.0, 0.0, 0.0, 0.0], "sparse_and_robust_explanation": [0.11, 2.38, 0.12, 0.16, 0.0, 0.0, 0.0, 0.0, 0.0, 0.0, 0.0, 0.0, 0.0, 0.0, 0.13, 0.0, 0.08, -0.07, 0.08, 0.0, -0.03, 0.0, 0.0, 0.0, -0.07, -0.05, -0.01, 0.14, 0.12, 0.14, 0.0, 0.0, 0.0, 0.0, 0.0, 0.0, 0.0, 0.0, -0.08, 0.0, 0.0, 0.0, 0.0, 0.0, 0.0, 0.0, 0.0, 0.0, 0.0, 0.0, 0.01, 0.01, 0.0, 0.0, 0.0, 0.11, -0.21, -0.15, 0.02, 0.0, 0.0, 0.0, 0.0, 0.0, 0.0, -0.04, 0.0],"lime": [0.45, 1.0, 0.21, 0.35, -0.09, -0.11, 0.09, 0.14, 0.18, 0.2, -0.3, 0.01, -0.03, -0.07, 0.07, -0.13, 0.18, 0.01, 0.06, 0.26, -0.17, 0.35, 0.16, -0.18, 0.14, -0.32, -0.23, 0.28, 0.0, 0.22, 0.05, 0.12, -0.02, 0.04, -0.35, -0.11, -0.13, -0.11, -0.03, 0.17, -0.13, -0.15, 0.0, 0.0, -0.14, -0.4, 0.32, -0.62, -0.23, -0.3, -0.28, 0.02, 0.03, 0.12, -0.06, 0.06, -0.68, -0.29, 0.09, 0.18, 0.1, 0.15, 0.01, 0.12, -0.21, -0.05, 0.19], "ans": "Higher", "prescriptions": [["Higher", "Lower"]], "type": "survey-multi-choice", "qid": 18, "delta": "education: HS-grad <span style='color:red;'>\u2192 Bachelors</span>", "original_model_prediction": "The individual's income is below $50,000"}


sets_practice_cases = [case_0,case_1,case_2,case_3,case_4,case_5,case_6,case_7,case_8,case_9]